1	21 
1	20 
1	19 
1	18 
1	20 
1	20 
1	1 
1	20 
1	15 
1	17 
1	23 
1	26 
1	1 
1	30 
1	14 
1	1 
1	25 
1	18 
1	18 
1	28 
1	22 
1	19 
1	1 
1	16 
1	25 
1	16 
1	1 
1	31 
1	16 
1	29 
1	19 
1	1 
1	25 
1	1 
1	18 
1	27 
1	22 
1	20 
1	21 
1	27 
1	23 
1	1 
1	25 
1	26 
1	27 
1	34 
1	31 
1	25 
1	32 
1	22 
1	31 
1	1 
1	23 
1	21 
1	1 
1	22 
1	26 
1	18 
1	18 
1	36 
1	33 
1	34 
1	1 
1	26 
1	1 
1	1 
1	1 
1	24 
1	1 
1	22 
1	1 
1	23 
1	32 
1	1 
1	23 
1	26 
1	26 
1	1 
1	28 
1	1 
1	1 
1	23 
1	23 
1	44 
1	35 
1	1 
1	1 
1	22 
1	1 
1	38 
1	22 
1	33 
1	24 
1	31 
1	1 
1	1 
1	28 
1	16 
1	19 
1	37 
1	21 
1	30 
1	21 
1	34 
1	24 
1	23 
1	14 
1	33 
1	22 
1	26 
1	27 
1	16 
1	1 
1	13 
1	26 
1	28 
1	1 
1	33 
1	21 
1	1 
1	21 
1	23 
1	28 
1	26 
1	19 
1	31 
1	29 
1	26 
1	1 
1	21 
1	1 
1	25 
1	31 
1	23 
1	29 
1	16 
1	33 
1	17 
1	22 
1	1 
1	28 
1	27 
1	21 
1	21 
1	13 
1	22 
1	1 
1	1 
1	20 
1	26 
1	20 
1	26 
1	18 
1	1 
1	1 
1	31 
1	20 
1	19 
1	26 
1	20 
1	21 
1	36 
1	26 
1	28 
1	20 
1	27 
1	21 
1	18 
1	32 
1	1 
1	36 
1	22 
1	28 
1	20 
1	21 
1	25 
1	23 
1	1 
1	27 
1	25 
1	28 
1	27 
1	26 
1	13 
1	31 
1	22 
1	1 
1	1 
1	1 
1	17 
1	29 
1	16 
1	31 
1	31 
1	1 
1	23 
1	30 
1	1 
1	27 
1	1 
1	25 
1	21 
1	1 
1	17 
1	1 
1	18 
1	19 
1	1 
1	1 
1	23 
1	22 
1	18 
1	24 
1	1 
1	20 
1	21 
1	21 
1	1 
1	1 
1	29 
1	36 
1	28 
1	37 
1	1 
1	24 
1	31 
1	21 
1	32 
1	1 
1	1 
1	11 
1	21 
1	24 
1	1 
1	20 
1	32 
1	28 
1	13 
1	29 
1	35 
1	28 
1	31 
1	16 
1	1 
1	1 
1	21 
1	23 
1	25 
1	32 
1	18 
1	1 
1	23 
1	18 
1	26 
1	1 
1	37 
1	31 
1	21 
1	25 
1	35 
1	1 
1	36 
1	36 
1	31 
1	16 
1	1 
1	26 
1	28 
1	12 
1	21 
1	26 
1	25 
1	33 
1	18 
1	29 
1	25 
1	18 
1	1 
1	22 
1	1 
1	19 
1	26 
1	31 
1	24 
1	20 
1	1 
1	1 
1	20 
1	21 
1	27 
1	1 
1	29 
1	24 
1	46 
1	23 
1	1 
1	1 
1	1 
1	29 
1	17 
1	13 
1	1 
1	19 
1	18 
1	22 
1	24 
1	25 
1	21 
1	1 
1	35 
1	24 
1	1 
1	1 
1	27 
1	26 
1	1 
1	23 
1	1 
1	33 
1	1 
1	17 
1	22 
1	1 
1	1 
1	24 
1	34 
1	1 
1	23 
1	22 
1	42 
1	19 
1	25 
1	24 
1	17 
1	29 
1	25 
1	23 
1	17 
1	24 
1	16 
1	39 
1	13 
1	33 
1	34 
1	1 
1	26 
1	1 
2	19 
2	1 
2	25 
2	1 
2	32 
2	24 
2	19 
2	19 
2	30 
2	31 
2	27 
2	1 
2	27 
2	1 
2	12 
2	24 
2	1 
2	12 
2	37 
2	17 
2	29 
2	28 
2	26 
2	1 
2	26 
2	28 
2	30 
2	1 
2	21 
2	29 
2	25 
2	17 
2	28 
2	33 
2	24 
2	21 
2	19 
2	19 
2	28 
2	1 
2	32 
2	1 
2	19 
2	27 
2	1 
2	26 
2	1 
2	23 
2	20 
2	26 
2	1 
2	1 
2	1 
2	24 
2	33 
2	28 
2	18 
2	28 
2	19 
2	21 
2	22 
2	17 
2	21 
2	37 
2	27 
2	18 
2	22 
2	23 
2	34 
2	1 
2	29 
2	25 
2	1 
2	22 
2	21 
2	27 
2	1 
2	26 
2	16 
2	21 
2	27 
2	26 
2	1 
2	23 
2	31 
2	25 
2	26 
2	11 
2	27 
2	1 
2	20 
2	23 
2	1 
2	18 
2	33 
2	1 
2	17 
2	19 
2	25 
2	25 
2	21 
2	18 
2	32 
2	24 
2	1 
2	27 
2	29 
2	1 
2	22 
2	1 
2	25 
2	22 
2	1 
2	1 
2	1 
2	37 
2	25 
2	26 
2	31 
2	28 
2	26 
2	31 
2	20 
2	19 
2	21 
2	26 
2	35 
2	22 
2	26 
2	20 
2	31 
2	26 
2	1 
2	21 
2	1 
2	1 
2	1 
2	1 
2	24 
2	1 
2	22 
2	27 
2	19 
2	21 
2	25 
2	1 
2	1 
2	17 
2	1 
2	16 
2	26 
2	31 
2	15 
2	19 
2	24 
2	20 
2	1 
2	15 
2	12 
2	21 
2	32 
2	13 
2	21 
2	22 
2	27 
2	17 
2	17 
2	1 
2	31 
2	1 
2	1 
2	21 
2	1 
2	22 
2	20 
2	27 
2	18 
2	1 
2	26 
2	24 
2	29 
2	28 
2	23 
2	25 
2	27 
2	23 
2	34 
2	27 
2	22 
2	16 
2	17 
2	1 
2	22 
2	1 
2	25 
2	29 
2	1 
2	14 
2	26 
2	1 
2	32 
2	1 
2	29 
2	1 
2	19 
2	42 
2	1 
2	24 
2	25 
2	23 
2	20 
2	16 
2	26 
2	1 
2	14 
2	36 
2	26 
2	23 
2	21 
2	33 
2	18 
2	27 
2	31 
2	1 
2	1 
2	26 
2	1 
2	27 
2	1 
2	26 
2	1 
2	19 
2	1 
2	33 
2	25 
2	44 
2	26 
2	1 
2	27 
2	21 
2	24 
2	29 
2	30 
2	24 
2	24 
2	16 
2	17 
2	23 
2	25 
2	21 
2	16 
2	37 
2	22 
2	1 
2	24 
2	1 
2	1 
2	1 
2	26 
2	28 
2	31 
2	1 
2	1 
2	16 
2	26 
2	25 
2	23 
2	25 
2	1 
2	26 
2	29 
2	1 
2	20 
2	21 
2	34 
2	25 
2	24 
2	26 
2	19 
2	1 
2	18 
2	23 
2	28 
2	27 
2	12 
2	22 
2	19 
2	20 
2	29 
2	31 
2	17 
2	18 
2	18 
2	1 
2	1 
2	1 
2	1 
2	1 
2	18 
2	24 
2	26 
2	23 
2	28 
2	30 
2	25 
2	32 
2	32 
2	36 
2	34 
2	22 
2	29 
2	24 
2	1 
2	1 
2	32 
2	14 
2	24 
2	26 
2	26 
2	1 
2	17 
2	23 
2	23 
2	1 
2	22 
2	18 
2	15 
2	27 
2	21 
2	15 
2	25 
2	1 
2	1 
2	1 
2	22 
2	1 
2	26 
2	27 
2	1 
2	14 
2	27 
2	24 
2	1 
2	30 
2	12 
2	26 
2	23 
2	21 
2	19 
2	30 
2	27 
2	30 
2	25 
2	16 
2	21 
2	28 
2	26 
2	32 
2	1 
2	25 
2	1 
2	27 
2	1 
2	1 
2	1 
2	33 
2	19 
2	23 
2	1 
3	1 
3	1 
3	34 
3	24 
3	24 
3	29 
3	27 
3	34 
3	32 
3	22 
3	24 
3	16 
3	1 
3	20 
3	31 
3	37 
3	23 
3	29 
3	28 
3	17 
3	30 
3	23 
3	29 
3	20 
3	1 
3	25 
3	30 
3	25 
3	28 
3	28 
3	20 
3	30 
3	31 
3	35 
3	1 
3	42 
3	30 
3	21 
3	30 
3	1 
3	1 
3	24 
3	31 
3	26 
3	21 
3	31 
3	19 
3	16 
3	19 
3	19 
3	25 
3	23 
3	1 
3	29 
3	27 
3	33 
3	18 
3	1 
3	17 
3	1 
3	24 
3	1 
3	15 
3	21 
3	22 
3	32 
3	1 
3	29 
3	27 
3	23 
3	15 
3	20 
3	34 
3	1 
3	1 
3	1 
3	27 
3	28 
3	25 
3	33 
3	22 
3	18 
3	17 
3	37 
3	1 
3	30 
3	26 
3	22 
3	24 
3	1 
3	27 
3	35 
3	1 
3	31 
3	35 
3	1 
3	1 
3	1 
3	21 
3	1 
3	30 
3	18 
3	25 
3	22 
3	1 
3	29 
3	21 
3	1 
3	19 
3	1 
3	1 
3	27 
3	18 
3	1 
3	1 
3	1 
3	27 
3	1 
3	23 
3	15 
3	16 
3	22 
3	1 
3	17 
3	34 
3	21 
3	32 
3	11 
3	16 
3	1 
3	27 
3	20 
3	15 
3	22 
3	26 
3	25 
3	32 
3	18 
3	26 
3	1 
3	26 
3	1 
3	33 
3	1 
3	23 
3	1 
3	28 
3	18 
3	42 
3	24 
3	16 
3	20 
3	1 
3	33 
3	1 
3	28 
3	19 
3	23 
3	16 
3	49 
3	19 
3	1 
3	32 
3	26 
3	19 
3	24 
3	30 
3	23 
3	1 
3	38 
3	23 
3	21 
3	12 
3	29 
3	18 
3	22 
3	24 
3	29 
3	1 
3	1 
3	28 
3	22 
3	35 
3	19 
3	27 
3	1 
3	30 
3	22 
3	19 
3	18 
3	19 
3	1 
3	35 
3	30 
3	24 
3	32 
3	30 
3	19 
3	24 
3	1 
3	22 
3	1 
3	1 
3	20 
3	25 
3	27 
3	20 
3	1 
3	19 
3	24 
3	15 
3	19 
3	1 
3	1 
3	22 
3	24 
3	1 
3	25 
3	24 
3	1 
3	1 
3	1 
3	1 
3	1 
3	29 
3	24 
3	26 
3	1 
3	1 
3	20 
3	20 
3	23 
3	26 
3	16 
3	29 
3	21 
3	30 
3	26 
3	16 
3	1 
3	20 
3	1 
3	35 
3	22 
3	35 
3	26 
3	24 
3	25 
3	17 
3	29 
3	1 
3	1 
3	1 
3	21 
3	15 
3	23 
3	37 
3	1 
3	1 
3	26 
3	43 
3	23 
3	30 
3	1 
3	21 
3	29 
3	27 
3	17 
3	1 
3	28 
3	29 
3	30 
3	1 
3	23 
3	27 
3	44 
3	18 
3	21 
3	19 
3	31 
3	1 
3	1 
3	22 
3	1 
3	27 
3	20 
3	27 
3	26 
3	20 
3	1 
3	1 
3	29 
3	1 
3	1 
3	31 
3	21 
3	35 
3	1 
3	29 
3	1 
3	1 
3	23 
3	25 
3	20 
3	32 
3	25 
3	1 
3	1 
3	22 
3	24 
3	35 
3	1 
3	18 
3	24 
3	21 
3	22 
3	29 
3	19 
3	1 
3	29 
3	1 
3	20 
3	1 
3	31 
3	23 
3	22 
3	26 
3	32 
3	36 
3	22 
3	22 
3	11 
3	27 
3	23 
3	30 
4	22 
4	19 
4	26 
4	25 
4	31 
4	18 
4	17 
4	24 
4	1 
4	50 
4	13 
4	16 
4	16 
4	20 
4	27 
4	31 
4	1 
4	17 
4	25 
4	15 
4	28 
4	26 
4	1 
4	22 
4	18 
4	20 
4	28 
4	1 
4	26 
4	28 
4	18 
4	21 
4	20 
4	31 
4	1 
4	22 
4	26 
4	22 
4	27 
4	22 
4	20 
4	19 
4	39 
4	16 
4	35 
4	30 
4	16 
4	1 
4	35 
4	17 
4	28 
4	23 
4	36 
4	24 
4	36 
4	25 
4	14 
4	23 
4	21 
4	32 
4	34 
4	30 
4	1 
4	16 
4	15 
4	27 
4	25 
4	28 
4	22 
4	24 
4	25 
4	33 
4	41 
4	29 
4	34 
4	20 
4	28 
4	1 
4	27 
4	1 
4	30 
4	30 
4	18 
4	27 
4	1 
4	18 
4	14 
4	33 
4	31 
4	28 
4	28 
4	17 
4	1 
4	29 
4	25 
4	26 
4	1 
4	1 
4	23 
4	22 
4	22 
4	1 
4	1 
4	21 
4	1 
4	1 
4	39 
4	27 
4	36 
4	13 
4	19 
4	24 
4	1 
4	29 
4	29 
4	21 
4	26 
4	23 
4	25 
4	28 
4	33 
4	22 
4	30 
4	29 
4	23 
4	1 
4	20 
4	17 
4	28 
4	26 
4	17 
4	1 
4	19 
4	23 
4	32 
4	1 
4	39 
4	1 
4	35 
4	20 
4	27 
4	21 
4	32 
4	1 
4	20 
4	31 
4	15 
4	27 
4	18 
4	27 
4	21 
4	35 
4	1 
4	19 
4	17 
4	22 
4	32 
4	30 
4	21 
4	15 
4	27 
4	1 
4	19 
4	38 
4	1 
4	36 
4	26 
4	22 
4	1 
4	32 
4	1 
4	26 
4	25 
4	28 
4	30 
4	18 
4	27 
4	27 
4	28 
4	1 
4	25 
4	1 
4	1 
4	21 
4	25 
4	22 
4	1 
4	22 
4	24 
4	33 
4	34 
4	28 
4	19 
4	1 
4	24 
4	26 
4	30 
4	26 
4	22 
4	1 
4	17 
4	36 
4	1 
4	32 
4	28 
4	25 
4	33 
4	17 
4	24 
4	21 
4	1 
4	24 
4	31 
4	21 
4	1 
4	1 
4	22 
4	18 
4	1 
4	20 
4	35 
4	1 
4	23 
4	1 
4	17 
4	28 
4	30 
4	36 
4	26 
4	30 
4	26 
4	1 
4	24 
4	18 
4	15 
4	36 
4	23 
4	21 
4	20 
4	25 
4	22 
4	31 
4	23 
4	34 
4	1 
4	18 
4	19 
4	22 
4	1 
4	1 
4	23 
4	15 
4	23 
4	27 
4	29 
4	30 
4	22 
4	37 
4	24 
4	1 
4	1 
4	22 
4	20 
4	22 
4	24 
4	1 
4	1 
4	36 
4	22 
4	21 
4	32 
4	19 
4	1 
4	29 
4	25 
4	1 
4	41 
4	22 
4	24 
4	31 
4	22 
4	28 
4	16 
4	1 
4	24 
4	20 
4	20 
4	26 
4	1 
4	20 
4	1 
4	21 
4	30 
4	19 
4	35 
4	26 
4	18 
4	14 
4	26 
4	26 
4	22 
4	16 
4	27 
4	31 
4	16 
4	1 
4	21 
4	22 
4	20 
4	15 
4	37 
4	1 
4	17 
4	18 
4	1 
4	24 
4	26 
4	1 
4	29 
4	1 
4	20 
4	1 
4	1 
4	17 
4	20 
4	20 
4	16 
4	36 
4	18 
4	26 
4	24 
4	16 
4	1 
4	22 
4	21 
4	24 
4	30 
4	23 
4	27 
4	23 
4	30 
4	24 
4	25 
4	26 
4	22 
4	27 
4	38 
4	1 
5	25 
5	19 
5	1 
5	17 
5	18 
5	19 
5	22 
5	25 
5	21 
5	29 
5	1 
5	21 
5	26 
5	18 
5	24 
5	24 
5	1 
5	1 
5	22 
5	23 
5	1 
5	39 
5	1 
5	35 
5	1 
5	1 
5	1 
5	28 
5	33 
5	27 
5	46 
5	41 
5	29 
5	34 
5	23 
5	20 
5	1 
5	34 
5	20 
5	25 
5	27 
5	15 
5	18 
5	27 
5	23 
5	30 
5	1 
5	19 
5	41 
5	19 
5	22 
5	23 
5	17 
5	28 
5	16 
5	31 
5	1 
5	26 
5	1 
5	22 
5	17 
5	23 
5	27 
5	29 
5	22 
5	17 
5	27 
5	35 
5	36 
5	16 
5	27 
5	22 
5	22 
5	35 
5	17 
5	23 
5	1 
5	32 
5	23 
5	18 
5	21 
5	17 
5	15 
5	27 
5	1 
5	24 
5	1 
5	41 
5	30 
5	27 
5	1 
5	36 
5	1 
5	19 
5	21 
5	23 
5	1 
5	1 
5	41 
5	25 
5	20 
5	34 
5	21 
5	17 
5	19 
5	1 
5	15 
5	13 
5	35 
5	1 
5	27 
5	29 
5	20 
5	1 
5	24 
5	25 
5	17 
5	17 
5	24 
5	22 
5	22 
5	1 
5	32 
5	25 
5	1 
5	21 
5	1 
5	26 
5	19 
5	36 
5	34 
5	20 
5	22 
5	16 
5	27 
5	25 
5	16 
5	28 
5	23 
5	25 
5	19 
5	22 
5	1 
5	1 
5	28 
5	20 
5	26 
5	25 
5	16 
5	26 
5	24 
5	30 
5	17 
5	28 
5	1 
5	1 
5	20 
5	17 
5	24 
5	21 
5	32 
5	30 
5	21 
5	29 
5	29 
5	27 
5	18 
5	23 
5	30 
5	21 
5	21 
5	23 
5	1 
5	18 
5	18 
5	20 
5	35 
5	12 
5	20 
5	34 
5	22 
5	20 
5	23 
5	1 
5	1 
5	22 
5	28 
5	21 
5	23 
5	31 
5	32 
5	28 
5	1 
5	15 
5	15 
5	1 
5	26 
5	1 
5	18 
5	26 
5	1 
5	33 
5	1 
5	1 
5	1 
5	1 
5	21 
5	1 
5	24 
5	25 
5	24 
5	20 
5	30 
5	1 
5	1 
5	20 
5	18 
5	21 
5	21 
5	29 
5	32 
5	1 
5	1 
5	22 
5	23 
5	27 
5	1 
5	24 
5	15 
5	20 
5	20 
5	24 
5	13 
5	25 
5	31 
5	30 
5	1 
5	23 
5	1 
5	28 
5	24 
5	30 
5	27 
5	19 
5	38 
5	24 
5	23 
5	21 
5	27 
5	22 
5	23 
5	1 
5	25 
5	14 
5	28 
5	21 
5	36 
5	1 
5	19 
5	19 
5	19 
5	23 
5	1 
5	22 
5	37 
5	22 
5	16 
5	35 
5	26 
5	28 
5	34 
5	28 
5	26 
5	20 
5	29 
5	20 
5	27 
5	17 
5	1 
5	31 
5	17 
5	16 
5	1 
5	20 
5	19 
5	28 
5	19 
5	16 
5	28 
5	34 
5	1 
5	27 
5	30 
5	19 
5	20 
5	35 
5	26 
5	18 
5	31 
5	20 
5	21 
5	24 
5	32 
5	31 
5	21 
5	51 
5	19 
5	31 
5	23 
5	28 
5	26 
5	39 
5	1 
5	26 
5	28 
5	1 
5	17 
5	25 
5	27 
5	25 
5	19 
5	32 
5	25 
5	28 
5	26 
5	26 
5	18 
5	1 
5	26 
5	26 
5	22 
5	27 
5	24 
5	24 
5	25 
5	1 
5	38 
5	28 
5	23 
5	29 
5	33 
5	24 
5	29 
5	21 
5	1 
5	20 
5	20 
5	29 
5	1 
5	20 
5	1 
5	24 
5	1 
5	22 
5	35 
5	24 
5	1 
5	23 
5	26 
5	18 
5	1 
5	21 
6	31 
6	23 
6	20 
6	23 
6	16 
6	14 
6	30 
6	24 
6	1 
6	22 
6	1 
6	1 
6	24 
6	15 
6	23 
6	19 
6	29 
6	33 
6	1 
6	1 
6	21 
6	1 
6	39 
6	22 
6	23 
6	19 
6	1 
6	22 
6	17 
6	20 
6	22 
6	1 
6	22 
6	25 
6	28 
6	22 
6	30 
6	19 
6	38 
6	23 
6	28 
6	28 
6	31 
6	20 
6	29 
6	1 
6	28 
6	26 
6	38 
6	27 
6	29 
6	19 
6	29 
6	1 
6	19 
6	22 
6	30 
6	19 
6	26 
6	1 
6	16 
6	1 
6	44 
6	36 
6	21 
6	23 
6	20 
6	1 
6	26 
6	1 
6	22 
6	32 
6	20 
6	28 
6	18 
6	23 
6	30 
6	14 
6	28 
6	9 
6	26 
6	1 
6	15 
6	31 
6	11 
6	16 
6	25 
6	1 
6	27 
6	24 
6	1 
6	20 
6	18 
6	1 
6	28 
6	22 
6	25 
6	22 
6	1 
6	22 
6	27 
6	39 
6	20 
6	21 
6	1 
6	23 
6	27 
6	1 
6	1 
6	18 
6	20 
6	32 
6	20 
6	1 
6	29 
6	1 
6	26 
6	23 
6	14 
6	42 
6	30 
6	1 
6	21 
6	22 
6	19 
6	30 
6	1 
6	1 
6	26 
6	22 
6	29 
6	19 
6	28 
6	1 
6	39 
6	29 
6	1 
6	17 
6	1 
6	25 
6	18 
6	1 
6	10 
6	28 
6	36 
6	28 
6	18 
6	27 
6	33 
6	27 
6	16 
6	22 
6	1 
6	1 
6	29 
6	22 
6	18 
6	1 
6	21 
6	17 
6	1 
6	14 
6	32 
6	20 
6	29 
6	22 
6	21 
6	31 
6	18 
6	24 
6	1 
6	1 
6	15 
6	20 
6	26 
6	21 
6	31 
6	33 
6	1 
6	1 
6	23 
6	19 
6	32 
6	28 
6	14 
6	25 
6	1 
6	29 
6	15 
6	15 
6	1 
6	32 
6	1 
6	25 
6	1 
6	29 
6	31 
6	18 
6	26 
6	1 
6	1 
6	25 
6	23 
6	27 
6	31 
6	17 
6	1 
6	49 
6	29 
6	29 
6	21 
6	23 
6	17 
6	21 
6	18 
6	27 
6	18 
6	32 
6	26 
6	27 
6	1 
6	18 
6	1 
6	29 
6	19 
6	36 
6	32 
6	24 
6	14 
6	34 
6	19 
6	1 
6	1 
6	1 
6	23 
6	1 
6	31 
6	30 
6	30 
6	19 
6	28 
6	33 
6	26 
6	1 
6	30 
6	23 
6	1 
6	17 
6	23 
6	1 
6	21 
6	22 
6	19 
6	20 
6	22 
6	1 
6	18 
6	14 
6	20 
6	1 
6	32 
6	20 
6	26 
6	28 
6	17 
6	23 
6	26 
6	12 
6	19 
6	24 
6	1 
6	22 
6	26 
6	20 
6	1 
6	27 
6	43 
6	18 
6	1 
6	26 
6	24 
6	42 
6	30 
6	1 
6	29 
6	14 
6	1 
6	28 
6	23 
6	1 
6	29 
6	1 
6	1 
6	19 
6	42 
6	29 
6	22 
6	1 
6	21 
6	30 
6	16 
6	28 
6	21 
6	20 
6	1 
6	19 
6	21 
6	24 
6	35 
6	29 
6	25 
6	1 
6	1 
6	24 
6	17 
6	9 
6	38 
6	25 
6	29 
6	21 
6	28 
6	22 
6	25 
6	22 
6	27 
6	30 
6	16 
6	23 
6	1 
6	1 
6	25 
6	1 
6	24 
6	28 
6	32 
6	17 
6	24 
6	20 
6	20 
6	21 
6	1 
6	22 
6	17 
6	33 
6	23 
6	26 
6	25 
6	29 
6	33 
6	18 
6	32 
6	27 
6	33 
6	31 
6	19 
6	15 
6	21 
6	32 
6	22 
6	26 
6	26 
6	19 
6	18 
6	13 
6	21 
6	22 
6	23 
6	17 
6	29 
6	19 
6	1 
6	20 
6	31 
6	1 
6	45 
6	24 
7	37 
7	1 
7	1 
7	24 
7	24 
7	31 
7	19 
7	17 
7	1 
7	30 
7	24 
7	23 
7	15 
7	26 
7	24 
7	37 
7	22 
7	31 
7	21 
7	30 
7	17 
7	25 
7	28 
7	22 
7	20 
7	16 
7	25 
7	21 
7	37 
7	23 
7	22 
7	18 
7	25 
7	1 
7	1 
7	24 
7	16 
7	24 
7	27 
7	24 
7	1 
7	30 
7	28 
7	1 
7	22 
7	25 
7	23 
7	1 
7	1 
7	1 
7	24 
7	29 
7	27 
7	24 
7	35 
7	19 
7	21 
7	19 
7	25 
7	24 
7	1 
7	21 
7	1 
7	31 
7	24 
7	22 
7	1 
7	31 
7	27 
7	25 
7	34 
7	28 
7	29 
7	28 
7	1 
7	26 
7	18 
7	24 
7	11 
7	34 
7	1 
7	1 
7	32 
7	1 
7	41 
7	1 
7	23 
7	15 
7	14 
7	22 
7	17 
7	22 
7	34 
7	21 
7	22 
7	1 
7	1 
7	10 
7	29 
7	30 
7	22 
7	1 
7	17 
7	24 
7	25 
7	1 
7	28 
7	21 
7	20 
7	1 
7	23 
7	22 
7	17 
7	30 
7	29 
7	12 
7	25 
7	15 
7	34 
7	15 
7	1 
7	27 
7	26 
7	1 
7	20 
7	31 
7	12 
7	1 
7	31 
7	37 
7	1 
7	27 
7	1 
7	24 
7	28 
7	20 
7	17 
7	27 
7	24 
7	18 
7	23 
7	29 
7	29 
7	16 
7	1 
7	1 
7	1 
7	33 
7	1 
7	1 
7	14 
7	34 
7	17 
7	36 
7	1 
7	16 
7	26 
7	25 
7	26 
7	21 
7	17 
7	20 
7	31 
7	22 
7	42 
7	21 
7	19 
7	20 
7	22 
7	28 
7	18 
7	41 
7	15 
7	30 
7	1 
7	19 
7	16 
7	1 
7	19 
7	19 
7	29 
7	1 
7	23 
7	16 
7	27 
7	24 
7	23 
7	24 
7	27 
7	33 
7	34 
7	24 
7	1 
7	16 
7	1 
7	15 
7	25 
7	25 
7	19 
7	24 
7	30 
7	22 
7	20 
7	19 
7	1 
7	1 
7	18 
7	20 
7	1 
7	21 
7	27 
7	19 
7	29 
7	33 
7	20 
7	30 
7	24 
7	1 
7	18 
7	20 
7	1 
7	28 
7	1 
7	27 
7	1 
7	17 
7	16 
7	1 
7	33 
7	29 
7	26 
7	23 
7	1 
7	1 
7	17 
7	29 
7	1 
7	28 
7	1 
7	23 
7	15 
7	47 
7	1 
7	35 
7	26 
7	1 
7	38 
7	1 
7	20 
7	15 
7	17 
7	30 
7	22 
7	22 
7	28 
7	17 
7	19 
7	21 
7	36 
7	17 
7	20 
7	28 
7	1 
7	1 
7	1 
7	1 
7	17 
7	23 
7	29 
7	19 
7	20 
7	23 
7	23 
7	22 
7	32 
7	1 
7	29 
7	19 
7	16 
7	25 
7	32 
7	23 
7	1 
7	1 
7	24 
7	19 
7	35 
7	20 
7	26 
7	35 
7	27 
7	1 
7	19 
7	1 
7	17 
7	24 
7	39 
7	17 
7	29 
7	21 
7	1 
7	23 
7	19 
7	1 
7	26 
7	33 
7	24 
7	18 
7	26 
7	28 
7	27 
7	34 
7	27 
7	26 
7	15 
7	22 
7	18 
7	1 
7	31 
7	27 
7	33 
7	28 
7	25 
7	1 
7	1 
7	21 
7	27 
7	1 
7	31 
7	22 
7	1 
7	1 
7	1 
7	19 
7	21 
7	18 
7	28 
7	31 
7	22 
7	32 
7	35 
7	1 
7	1 
7	27 
7	24 
7	21 
7	33 
7	20 
7	21 
7	17 
7	1 
7	23 
7	21 
7	19 
7	1 
7	19 
7	22 
8	28 
8	18 
8	15 
8	1 
8	16 
8	22 
8	24 
8	29 
8	29 
8	1 
8	31 
8	18 
8	29 
8	21 
8	23 
8	29 
8	21 
8	1 
8	17 
8	1 
8	11 
8	19 
8	28 
8	32 
8	24 
8	1 
8	24 
8	20 
8	21 
8	27 
8	1 
8	1 
8	28 
8	21 
8	36 
8	28 
8	28 
8	28 
8	19 
8	1 
8	32 
8	15 
8	23 
8	23 
8	35 
8	25 
8	1 
8	24 
8	22 
8	1 
8	19 
8	1 
8	34 
8	1 
8	16 
8	15 
8	22 
8	33 
8	25 
8	26 
8	21 
8	1 
8	25 
8	29 
8	27 
8	19 
8	45 
8	21 
8	31 
8	21 
8	19 
8	31 
8	18 
8	1 
8	14 
8	23 
8	1 
8	23 
8	11 
8	20 
8	20 
8	1 
8	16 
8	21 
8	23 
8	30 
8	24 
8	26 
8	21 
8	1 
8	24 
8	27 
8	20 
8	1 
8	23 
8	22 
8	22 
8	11 
8	1 
8	1 
8	27 
8	28 
8	24 
8	28 
8	21 
8	28 
8	23 
8	26 
8	1 
8	18 
8	1 
8	27 
8	25 
8	24 
8	1 
8	10 
8	32 
8	1 
8	37 
8	39 
8	19 
8	1 
8	1 
8	1 
8	22 
8	18 
8	28 
8	1 
8	1 
8	25 
8	25 
8	1 
8	16 
8	26 
8	1 
8	30 
8	15 
8	26 
8	1 
8	32 
8	1 
8	30 
8	29 
8	1 
8	17 
8	17 
8	15 
8	28 
8	25 
8	27 
8	1 
8	22 
8	31 
8	21 
8	22 
8	27 
8	16 
8	24 
8	1 
8	22 
8	22 
8	20 
8	1 
8	19 
8	29 
8	31 
8	29 
8	29 
8	38 
8	35 
8	20 
8	15 
8	16 
8	1 
8	23 
8	27 
8	19 
8	23 
8	29 
8	27 
8	1 
8	1 
8	22 
8	1 
8	24 
8	23 
8	1 
8	25 
8	1 
8	1 
8	31 
8	18 
8	28 
8	32 
8	18 
8	32 
8	27 
8	18 
8	30 
8	21 
8	23 
8	29 
8	18 
8	25 
8	34 
8	20 
8	27 
8	31 
8	19 
8	26 
8	22 
8	1 
8	31 
8	32 
8	13 
8	28 
8	26 
8	1 
8	21 
8	1 
8	28 
8	17 
8	25 
8	21 
8	17 
8	24 
8	1 
8	16 
8	1 
8	29 
8	26 
8	1 
8	18 
8	27 
8	1 
8	25 
8	1 
8	17 
8	23 
8	17 
8	21 
8	25 
8	28 
8	30 
8	26 
8	26 
8	16 
8	22 
8	25 
8	31 
8	29 
8	17 
8	28 
8	20 
8	1 
8	24 
8	25 
8	1 
8	19 
8	23 
8	24 
8	24 
8	16 
8	35 
8	21 
8	1 
8	24 
8	21 
8	18 
8	29 
8	22 
8	29 
8	20 
8	30 
8	27 
8	30 
8	37 
8	23 
8	1 
8	19 
8	26 
8	41 
8	37 
8	1 
8	1 
8	25 
8	31 
8	22 
8	27 
8	1 
8	1 
8	34 
8	28 
8	40 
8	22 
8	14 
8	1 
8	20 
8	24 
8	39 
8	21 
8	15 
8	1 
8	26 
8	1 
8	29 
8	31 
8	21 
8	19 
8	17 
8	1 
8	27 
8	32 
8	22 
8	23 
8	26 
8	1 
8	1 
8	1 
8	26 
8	26 
8	17 
8	1 
8	29 
8	25 
8	26 
8	23 
8	1 
8	1 
8	37 
8	36 
8	33 
8	25 
8	17 
8	27 
8	19 
8	29 
8	14 
8	24 
8	1 
8	24 
8	33 
8	1 
8	38 
8	23 
8	20 
8	23 
8	33 
8	1 
8	1 
8	24 
8	12 
8	15 
8	23 
8	15 
8	32 
8	38 
8	20 
8	29 
8	17 
8	22 
8	22 
8	24 
8	1 
8	30 
9	1 
9	20 
9	31 
9	1 
9	1 
9	28 
9	16 
9	29 
9	32 
9	20 
9	1 
9	24 
9	28 
9	1 
9	27 
9	22 
9	1 
9	16 
9	16 
9	1 
9	36 
9	29 
9	31 
9	1 
9	27 
9	16 
9	36 
9	1 
9	26 
9	25 
9	32 
9	16 
9	19 
9	21 
9	20 
9	1 
9	26 
9	24 
9	24 
9	30 
9	18 
9	1 
9	1 
9	32 
9	23 
9	22 
9	20 
9	25 
9	28 
9	26 
9	19 
9	22 
9	28 
9	23 
9	1 
9	1 
9	11 
9	1 
9	19 
9	23 
9	23 
9	1 
9	35 
9	33 
9	17 
9	21 
9	29 
9	18 
9	18 
9	31 
9	20 
9	44 
9	31 
9	36 
9	1 
9	1 
9	22 
9	1 
9	1 
9	1 
9	1 
9	17 
9	18 
9	1 
9	16 
9	17 
9	1 
9	18 
9	36 
9	26 
9	23 
9	26 
9	1 
9	18 
9	1 
9	31 
9	25 
9	1 
9	17 
9	20 
9	27 
9	1 
9	21 
9	44 
9	31 
9	1 
9	1 
9	21 
9	27 
9	24 
9	1 
9	27 
9	25 
9	20 
9	26 
9	30 
9	1 
9	22 
9	28 
9	20 
9	28 
9	1 
9	29 
9	24 
9	22 
9	32 
9	23 
9	1 
9	22 
9	23 
9	16 
9	22 
9	23 
9	1 
9	28 
9	1 
9	26 
9	23 
9	25 
9	28 
9	18 
9	24 
9	32 
9	38 
9	23 
9	32 
9	17 
9	30 
9	20 
9	25 
9	23 
9	41 
9	1 
9	18 
9	22 
9	25 
9	24 
9	29 
9	18 
9	24 
9	1 
9	34 
9	1 
9	21 
9	27 
9	1 
9	32 
9	32 
9	1 
9	22 
9	1 
9	1 
9	41 
9	21 
9	18 
9	1 
9	38 
9	18 
9	1 
9	32 
9	28 
9	18 
9	27 
9	41 
9	1 
9	17 
9	1 
9	1 
9	1 
9	1 
9	21 
9	27 
9	20 
9	23 
9	33 
9	30 
9	21 
9	42 
9	22 
9	15 
9	1 
9	23 
9	29 
9	1 
9	20 
9	11 
9	19 
9	18 
9	26 
9	27 
9	41 
9	28 
9	22 
9	28 
9	16 
9	14 
9	34 
9	23 
9	33 
9	23 
9	32 
9	20 
9	29 
9	17 
9	24 
9	32 
9	16 
9	1 
9	28 
9	1 
9	23 
9	16 
9	22 
9	22 
9	26 
9	29 
9	16 
9	39 
9	1 
9	28 
9	33 
9	35 
9	1 
9	22 
9	1 
9	19 
9	35 
9	12 
9	20 
9	1 
9	25 
9	1 
9	34 
9	21 
9	1 
9	26 
9	23 
9	32 
9	24 
9	1 
9	21 
9	1 
9	19 
9	21 
9	1 
9	23 
9	34 
9	18 
9	35 
9	25 
9	25 
9	1 
9	21 
9	26 
9	1 
9	26 
9	1 
9	19 
9	23 
9	25 
9	13 
9	17 
9	19 
9	24 
9	1 
9	1 
9	39 
9	30 
9	21 
9	1 
9	29 
9	23 
9	22 
9	1 
9	28 
9	17 
9	22 
9	24 
9	1 
9	1 
9	37 
9	29 
9	36 
9	24 
9	35 
9	31 
9	24 
9	17 
9	20 
9	17 
9	37 
9	25 
9	1 
9	1 
9	23 
9	16 
9	27 
9	26 
9	22 
9	21 
9	25 
9	30 
9	11 
9	18 
9	27 
9	34 
9	17 
9	1 
9	24 
9	1 
9	30 
9	19 
9	19 
9	1 
9	34 
9	29 
9	30 
9	20 
9	24 
9	27 
9	17 
9	25 
9	29 
9	1 
9	18 
9	22 
9	1 
9	21 
9	28 
10	16 
10	25 
10	28 
10	31 
10	1 
10	23 
10	27 
10	16 
10	25 
10	29 
10	22 
10	28 
10	21 
10	21 
10	33 
10	26 
10	1 
10	38 
10	32 
10	1 
10	1 
10	30 
10	19 
10	27 
10	25 
10	15 
10	26 
10	31 
10	25 
10	22 
10	31 
10	21 
10	1 
10	16 
10	20 
10	22 
10	1 
10	19 
10	39 
10	25 
10	20 
10	21 
10	25 
10	1 
10	36 
10	1 
10	15 
10	25 
10	26 
10	25 
10	20 
10	25 
10	1 
10	25 
10	1 
10	18 
10	37 
10	26 
10	21 
10	1 
10	17 
10	1 
10	19 
10	1 
10	18 
10	26 
10	34 
10	20 
10	1 
10	1 
10	11 
10	29 
10	1 
10	32 
10	16 
10	19 
10	27 
10	1 
10	31 
10	24 
10	31 
10	18 
10	20 
10	28 
10	1 
10	16 
10	22 
10	27 
10	29 
10	23 
10	23 
10	1 
10	28 
10	24 
10	18 
10	25 
10	1 
10	22 
10	23 
10	26 
10	15 
10	1 
10	1 
10	38 
10	1 
10	37 
10	11 
10	17 
10	27 
10	1 
10	19 
10	1 
10	1 
10	23 
10	24 
10	18 
10	1 
10	17 
10	1 
10	1 
10	1 
10	1 
10	25 
10	18 
10	1 
10	33 
10	30 
10	22 
10	1 
10	24 
10	30 
10	33 
10	1 
10	23 
10	31 
10	21 
10	22 
10	30 
10	33 
10	23 
10	20 
10	15 
10	1 
10	22 
10	26 
10	19 
10	27 
10	19 
10	32 
10	42 
10	26 
10	27 
10	18 
10	25 
10	1 
10	40 
10	1 
10	25 
10	32 
10	24 
10	17 
10	12 
10	26 
10	25 
10	36 
10	22 
10	23 
10	38 
10	1 
10	30 
10	25 
10	27 
10	1 
10	21 
10	20 
10	15 
10	28 
10	26 
10	27 
10	1 
10	23 
10	1 
10	17 
10	29 
10	1 
10	24 
10	15 
10	26 
10	19 
10	28 
10	1 
10	1 
10	23 
10	44 
10	25 
10	16 
10	26 
10	29 
10	26 
10	32 
10	34 
10	25 
10	17 
10	1 
10	24 
10	18 
10	1 
10	14 
10	26 
10	25 
10	23 
10	1 
10	24 
10	1 
10	1 
10	34 
10	28 
10	16 
10	1 
10	31 
10	27 
10	28 
10	1 
10	30 
10	13 
10	1 
10	1 
10	10 
10	24 
10	19 
10	1 
10	22 
10	28 
10	20 
10	1 
10	23 
10	29 
10	1 
10	21 
10	19 
10	26 
10	27 
10	15 
10	23 
10	34 
10	26 
10	37 
10	25 
10	28 
10	1 
10	23 
10	29 
10	26 
10	24 
10	23 
10	1 
10	15 
10	29 
10	1 
10	1 
10	22 
10	19 
10	25 
10	27 
10	32 
10	19 
10	1 
10	20 
10	31 
10	40 
10	37 
10	41 
10	24 
10	26 
10	12 
10	31 
10	18 
10	1 
10	1 
10	21 
10	24 
10	21 
10	15 
10	25 
10	24 
10	18 
10	21 
10	22 
10	16 
10	15 
10	29 
10	14 
10	21 
10	23 
10	16 
10	1 
10	19 
10	27 
10	25 
10	29 
10	32 
10	24 
10	39 
10	35 
10	23 
10	1 
10	1 
10	22 
10	36 
10	29 
10	29 
10	24 
10	21 
10	16 
10	20 
10	39 
10	18 
10	23 
10	1 
10	30 
10	20 
10	28 
10	17 
10	40 
10	34 
10	47 
10	23 
10	20 
10	21 
10	21 
10	1 
10	28 
10	25 
10	26 
10	1 
10	28 
10	1 
10	19 
10	37 
10	1 
10	36 
10	18 
10	27 
10	1 
10	27 
10	29 
10	24 
10	20 
10	17 
10	1 
10	18 
10	21 
10	35 
10	26 
10	34 
10	29 
10	27 
10	1 
10	30 
10	22 
10	15 
10	32 
10	22 
10	16 
10	24 
10	28 
10	1 
10	23 
10	20 
10	30 
10	1 
10	36 
10	1 
10	21 
10	26 
10	27 
10	1 
10	31 
10	22 
10	16 
10	26 
10	14 
10	1 
10	21 
10	1 
10	18 
10	1 
10	34 
10	1 
10	34 
10	25 
10	1 
11	16 
11	22 
11	21 
11	25 
11	19 
11	1 
11	1 
11	24 
11	1 
11	1 
11	37 
11	16 
11	20 
11	25 
11	26 
11	27 
11	1 
11	1 
11	20 
11	28 
11	17 
11	22 
11	25 
11	1 
11	21 
11	13 
11	32 
11	27 
11	28 
11	28 
11	1 
11	16 
11	16 
11	27 
11	22 
11	1 
11	31 
11	18 
11	23 
11	19 
11	1 
11	33 
11	24 
11	1 
11	1 
11	20 
11	1 
11	20 
11	1 
11	27 
11	33 
11	29 
11	1 
11	26 
11	1 
11	29 
11	18 
11	1 
11	26 
11	27 
11	1 
11	26 
11	1 
11	1 
11	1 
11	19 
11	1 
11	31 
11	29 
11	23 
11	18 
11	21 
11	1 
11	1 
11	34 
11	27 
11	21 
11	1 
11	1 
11	26 
11	1 
11	37 
11	30 
11	16 
11	30 
11	37 
11	1 
11	20 
11	28 
11	32 
11	1 
11	38 
11	1 
11	1 
11	27 
11	20 
11	27 
11	18 
11	21 
11	1 
11	34 
11	35 
11	1 
11	25 
11	26 
11	1 
11	18 
11	29 
11	28 
11	33 
11	23 
11	21 
11	35 
11	34 
11	1 
11	26 
11	26 
11	21 
11	18 
11	1 
11	16 
11	32 
11	1 
11	21 
11	24 
11	24 
11	1 
11	1 
11	30 
11	16 
11	21 
11	16 
11	13 
11	25 
11	24 
11	26 
11	1 
11	27 
11	28 
11	20 
11	30 
11	24 
11	18 
11	1 
11	21 
11	27 
11	23 
11	18 
11	23 
11	21 
11	19 
11	21 
11	1 
11	19 
11	33 
11	32 
11	24 
11	22 
11	1 
11	1 
11	1 
11	1 
11	12 
11	32 
11	19 
11	32 
11	17 
11	23 
11	23 
11	29 
11	16 
11	1 
11	30 
11	28 
11	20 
11	29 
11	24 
11	15 
11	17 
11	24 
11	32 
11	29 
11	1 
11	14 
11	15 
11	21 
11	1 
11	22 
11	28 
11	1 
11	19 
11	21 
11	21 
11	34 
11	24 
11	14 
11	24 
11	1 
11	20 
11	27 
11	18 
11	1 
11	15 
11	1 
11	1 
11	26 
11	30 
11	20 
11	1 
11	24 
11	29 
11	17 
11	24 
11	18 
11	24 
11	31 
11	37 
11	16 
11	26 
11	1 
11	1 
11	17 
11	19 
11	24 
11	1 
11	1 
11	23 
11	23 
11	1 
11	22 
11	27 
11	28 
11	42 
11	1 
11	22 
11	16 
11	20 
11	26 
11	21 
11	24 
11	30 
11	29 
11	1 
11	21 
11	24 
11	23 
11	1 
11	1 
11	42 
11	26 
11	26 
11	1 
11	1 
11	30 
11	23 
11	1 
11	22 
11	26 
11	23 
11	1 
11	29 
11	1 
11	1 
11	1 
11	19 
11	26 
11	17 
11	1 
11	1 
11	1 
11	22 
11	31 
11	26 
11	24 
11	24 
11	23 
11	25 
11	1 
11	20 
11	17 
11	24 
11	40 
11	29 
11	17 
11	28 
11	26 
11	14 
11	27 
11	26 
11	1 
11	24 
11	45 
11	25 
11	19 
11	21 
11	29 
11	21 
11	25 
11	31 
11	23 
11	25 
11	17 
11	1 
11	54 
11	21 
11	25 
11	22 
11	30 
11	22 
11	27 
11	26 
11	33 
11	1 
11	27 
11	1 
11	30 
11	18 
11	17 
11	24 
11	27 
11	26 
11	27 
11	42 
11	17 
11	15 
11	18 
11	1 
11	15 
11	28 
11	1 
11	16 
11	27 
11	33 
11	34 
11	27 
11	21 
11	1 
11	17 
11	22 
11	27 
11	28 
11	1 
11	34 
11	26 
11	33 
11	31 
11	29 
11	26 
11	1 
11	1 
11	26 
11	34 
12	30 
12	28 
12	29 
12	17 
12	1 
12	22 
12	1 
12	29 
12	20 
12	20 
12	16 
12	11 
12	1 
12	19 
12	16 
12	25 
12	39 
12	21 
12	16 
12	27 
12	18 
12	15 
12	27 
12	1 
12	22 
12	28 
12	35 
12	14 
12	28 
12	1 
12	18 
12	1 
12	38 
12	1 
12	19 
12	19 
12	22 
12	26 
12	42 
12	25 
12	1 
12	18 
12	1 
12	1 
12	27 
12	23 
12	1 
12	1 
12	26 
12	18 
12	22 
12	32 
12	1 
12	28 
12	24 
12	22 
12	22 
12	24 
12	30 
12	17 
12	29 
12	28 
12	36 
12	1 
12	23 
12	20 
12	26 
12	23 
12	30 
12	23 
12	1 
12	32 
12	14 
12	1 
12	28 
12	26 
12	24 
12	1 
12	17 
12	18 
12	24 
12	26 
12	28 
12	38 
12	21 
12	27 
12	24 
12	21 
12	31 
12	1 
12	1 
12	23 
12	22 
12	28 
12	19 
12	1 
12	20 
12	24 
12	22 
12	20 
12	30 
12	33 
12	14 
12	30 
12	1 
12	1 
12	23 
12	30 
12	27 
12	36 
12	1 
12	30 
12	17 
12	26 
12	28 
12	29 
12	17 
12	26 
12	20 
12	23 
12	27 
12	22 
12	26 
12	23 
12	20 
12	22 
12	24 
12	1 
12	28 
12	22 
12	1 
12	23 
12	20 
12	28 
12	13 
12	16 
12	1 
12	19 
12	33 
12	21 
12	22 
12	35 
12	28 
12	16 
12	32 
12	24 
12	1 
12	29 
12	19 
12	1 
12	1 
12	21 
12	24 
12	29 
12	21 
12	22 
12	24 
12	25 
12	1 
12	18 
12	14 
12	20 
12	31 
12	18 
12	1 
12	24 
12	23 
12	21 
12	17 
12	1 
12	32 
12	25 
12	1 
12	25 
12	33 
12	30 
12	18 
12	1 
12	23 
12	1 
12	1 
12	15 
12	26 
12	25 
12	19 
12	22 
12	28 
12	22 
12	24 
12	35 
12	18 
12	29 
12	31 
12	26 
12	32 
12	27 
12	25 
12	1 
12	16 
12	23 
12	26 
12	19 
12	1 
12	30 
12	22 
12	17 
12	24 
12	22 
12	1 
12	31 
12	21 
12	16 
12	20 
12	15 
12	31 
12	1 
12	23 
12	18 
12	26 
12	19 
12	38 
12	21 
12	28 
12	25 
12	25 
12	25 
12	27 
12	29 
12	29 
12	24 
12	27 
12	27 
12	23 
12	1 
12	1 
12	22 
12	22 
12	30 
12	15 
12	22 
12	28 
12	1 
12	22 
12	26 
12	25 
12	28 
12	25 
12	1 
12	1 
12	37 
12	26 
12	31 
12	26 
12	1 
12	35 
12	1 
12	1 
12	24 
12	24 
12	36 
12	26 
12	22 
12	26 
12	1 
12	1 
12	28 
12	17 
12	28 
12	30 
12	17 
12	15 
12	30 
12	20 
12	24 
12	28 
12	21 
12	24 
12	13 
12	1 
12	20 
12	8 
12	33 
12	32 
12	21 
12	24 
12	1 
12	34 
12	22 
12	23 
12	25 
12	24 
12	27 
12	13 
12	1 
12	23 
12	24 
12	1 
12	23 
12	1 
12	13 
12	25 
12	33 
12	16 
12	28 
12	24 
12	32 
12	1 
12	22 
12	20 
12	20 
12	15 
12	29 
12	40 
12	22 
12	17 
12	32 
12	32 
12	20 
12	28 
12	21 
12	1 
12	1 
12	22 
12	24 
12	23 
12	1 
12	1 
12	14 
12	31 
12	21 
12	20 
12	1 
12	29 
12	16 
12	45 
12	30 
12	1 
12	27 
12	16 
12	25 
12	20 
12	21 
12	26 
12	16 
12	1 
12	28 
12	23 
12	20 
12	17 
12	21 
12	24 
12	26 
12	22 
13	22 
13	28 
13	21 
13	21 
13	17 
13	26 
13	25 
13	21 
13	26 
13	27 
13	20 
13	29 
13	24 
13	42 
13	26 
13	23 
13	1 
13	20 
13	30 
13	33 
13	1 
13	26 
13	21 
13	28 
13	1 
13	23 
13	14 
13	20 
13	17 
13	19 
13	21 
13	23 
13	18 
13	13 
13	23 
13	21 
13	15 
13	24 
13	1 
13	1 
13	40 
13	27 
13	20 
13	26 
13	26 
13	20 
13	18 
13	1 
13	1 
13	26 
13	18 
13	33 
13	36 
13	31 
13	20 
13	41 
13	24 
13	17 
13	25 
13	1 
13	1 
13	1 
13	21 
13	1 
13	1 
13	27 
13	35 
13	21 
13	28 
13	23 
13	1 
13	25 
13	27 
13	26 
13	18 
13	38 
13	29 
13	25 
13	25 
13	24 
13	27 
13	20 
13	24 
13	1 
13	27 
13	25 
13	31 
13	24 
13	26 
13	1 
13	22 
13	22 
13	31 
13	27 
13	17 
13	31 
13	16 
13	27 
13	24 
13	16 
13	1 
13	25 
13	19 
13	23 
13	22 
13	27 
13	21 
13	1 
13	18 
13	29 
13	1 
13	24 
13	1 
13	20 
13	1 
13	1 
13	25 
13	35 
13	29 
13	32 
13	29 
13	20 
13	1 
13	26 
13	23 
13	16 
13	1 
13	25 
13	20 
13	1 
13	23 
13	28 
13	25 
13	25 
13	15 
13	24 
13	25 
13	30 
13	24 
13	28 
13	19 
13	23 
13	22 
13	26 
13	21 
13	1 
13	19 
13	1 
13	23 
13	1 
13	20 
13	17 
13	19 
13	14 
13	15 
13	26 
13	26 
13	20 
13	23 
13	22 
13	20 
13	1 
13	34 
13	1 
13	15 
13	23 
13	26 
13	28 
13	30 
13	29 
13	1 
13	1 
13	25 
13	24 
13	25 
13	30 
13	20 
13	23 
13	1 
13	19 
13	28 
13	1 
13	30 
13	28 
13	1 
13	37 
13	14 
13	1 
13	26 
13	1 
13	1 
13	23 
13	19 
13	24 
13	31 
13	1 
13	21 
13	1 
13	1 
13	18 
13	23 
13	19 
13	16 
13	22 
13	20 
13	17 
13	1 
13	1 
13	16 
13	28 
13	27 
13	24 
13	16 
13	1 
13	22 
13	23 
13	32 
13	19 
13	17 
13	1 
13	25 
13	1 
13	19 
13	24 
13	31 
13	18 
13	1 
13	32 
13	19 
13	25 
13	19 
13	22 
13	20 
13	26 
13	1 
13	22 
13	30 
13	20 
13	34 
13	23 
13	1 
13	25 
13	16 
13	1 
13	19 
13	33 
13	21 
13	36 
13	25 
13	23 
13	19 
13	23 
13	17 
13	18 
13	1 
13	1 
13	21 
13	22 
13	17 
13	1 
13	1 
13	23 
13	35 
13	17 
13	34 
13	1 
13	18 
13	29 
13	24 
13	24 
13	1 
13	1 
13	20 
13	1 
13	23 
13	37 
13	23 
13	29 
13	24 
13	25 
13	18 
13	1 
13	1 
13	16 
13	1 
13	21 
13	38 
13	34 
13	17 
13	29 
13	27 
13	23 
13	28 
13	23 
13	22 
13	1 
13	32 
13	30 
13	29 
13	22 
13	1 
13	32 
13	34 
13	17 
13	1 
13	22 
13	50 
13	21 
13	25 
13	35 
13	26 
13	14 
13	26 
13	13 
13	18 
13	1 
13	29 
13	17 
13	21 
13	28 
13	1 
13	1 
13	10 
13	23 
13	1 
13	20 
13	18 
13	25 
13	27 
13	1 
13	1 
13	1 
13	24 
13	27 
13	21 
13	28 
13	1 
13	1 
13	1 
13	30 
13	23 
13	1 
13	26 
13	14 
13	26 
13	26 
13	20 
13	13 
13	26 
13	26 
13	17 
13	1 
13	32 
13	1 
13	1 
13	27 
13	1 
13	1 
13	27 
13	17 
13	27 
13	1 
14	16 
14	35 
14	26 
14	27 
14	24 
14	29 
14	23 
14	1 
14	1 
14	32 
14	22 
14	1 
14	27 
14	18 
14	35 
14	20 
14	37 
14	15 
14	15 
14	25 
14	39 
14	20 
14	30 
14	37 
14	30 
14	26 
14	1 
14	23 
14	23 
14	24 
14	28 
14	17 
14	18 
14	13 
14	20 
14	1 
14	35 
14	1 
14	12 
14	24 
14	16 
14	31 
14	34 
14	25 
14	1 
14	13 
14	41 
14	31 
14	23 
14	21 
14	30 
14	37 
14	20 
14	1 
14	29 
14	17 
14	1 
14	1 
14	30 
14	23 
14	19 
14	23 
14	26 
14	23 
14	32 
14	20 
14	29 
14	1 
14	24 
14	21 
14	22 
14	1 
14	1 
14	1 
14	29 
14	31 
14	30 
14	35 
14	28 
14	24 
14	23 
14	30 
14	16 
14	24 
14	20 
14	24 
14	36 
14	28 
14	20 
14	19 
14	22 
14	23 
14	30 
14	24 
14	26 
14	34 
14	24 
14	1 
14	41 
14	1 
14	1 
14	26 
14	22 
14	1 
14	1 
14	1 
14	1 
14	29 
14	22 
14	13 
14	24 
14	1 
14	25 
14	25 
14	20 
14	29 
14	19 
14	19 
14	33 
14	1 
14	27 
14	1 
14	30 
14	21 
14	27 
14	16 
14	1 
14	22 
14	22 
14	25 
14	32 
14	14 
14	28 
14	13 
14	13 
14	28 
14	1 
14	25 
14	30 
14	40 
14	27 
14	12 
14	16 
14	32 
14	17 
14	19 
14	1 
14	17 
14	30 
14	35 
14	21 
14	32 
14	18 
14	31 
14	32 
14	36 
14	30 
14	10 
14	15 
14	21 
14	21 
14	28 
14	18 
14	21 
14	23 
14	24 
14	19 
14	24 
14	19 
14	18 
14	35 
14	24 
14	26 
14	15 
14	14 
14	29 
14	24 
14	8 
14	23 
14	24 
14	25 
14	35 
14	1 
14	1 
14	38 
14	22 
14	28 
14	29 
14	21 
14	23 
14	1 
14	18 
14	22 
14	26 
14	23 
14	33 
14	27 
14	27 
14	29 
14	24 
14	32 
14	29 
14	1 
14	26 
14	28 
14	34 
14	24 
14	24 
14	32 
14	19 
14	16 
14	22 
14	15 
14	1 
14	20 
14	24 
14	16 
14	30 
14	37 
14	1 
14	21 
14	19 
14	28 
14	1 
14	17 
14	32 
14	18 
14	33 
14	20 
14	20 
14	18 
14	31 
14	23 
14	20 
14	1 
14	21 
14	21 
14	36 
14	1 
14	16 
14	1 
14	27 
14	1 
14	36 
14	18 
14	22 
14	30 
14	24 
14	20 
14	21 
14	25 
14	1 
14	29 
14	25 
14	21 
14	29 
14	1 
14	28 
14	1 
14	1 
14	22 
14	22 
14	24 
14	25 
14	24 
14	1 
14	23 
14	21 
14	31 
14	18 
14	31 
14	37 
14	30 
14	1 
14	23 
14	25 
14	21 
14	1 
14	40 
14	23 
14	1 
14	25 
14	38 
14	18 
14	33 
14	1 
14	1 
14	27 
14	1 
14	1 
14	38 
14	14 
14	1 
14	29 
14	34 
14	1 
14	22 
14	27 
14	1 
14	20 
14	1 
14	1 
14	13 
14	21 
14	23 
14	22 
14	22 
14	18 
14	16 
14	1 
14	33 
14	29 
14	24 
14	22 
14	17 
14	24 
14	24 
14	43 
14	1 
14	25 
14	36 
14	29 
14	14 
14	1 
14	25 
14	20 
14	23 
14	1 
14	1 
14	1 
14	37 
14	1 
14	30 
14	23 
14	20 
14	17 
14	15 
14	34 
14	26 
14	20 
14	29 
14	23 
14	25 
14	34 
14	32 
14	21 
14	22 
14	21 
14	26 
14	1 
14	35 
14	27 
14	1 
14	29 
14	26 
15	23 
15	28 
15	21 
15	15 
15	1 
15	21 
15	21 
15	19 
15	21 
15	17 
15	37 
15	20 
15	21 
15	1 
15	22 
15	26 
15	30 
15	20 
15	23 
15	22 
15	30 
15	24 
15	29 
15	21 
15	1 
15	1 
15	24 
15	1 
15	22 
15	1 
15	25 
15	25 
15	33 
15	27 
15	19 
15	26 
15	35 
15	22 
15	1 
15	20 
15	28 
15	24 
15	31 
15	1 
15	27 
15	31 
15	24 
15	23 
15	10 
15	19 
15	24 
15	19 
15	1 
15	26 
15	1 
15	1 
15	21 
15	25 
15	16 
15	15 
15	27 
15	18 
15	21 
15	26 
15	32 
15	1 
15	27 
15	31 
15	18 
15	1 
15	22 
15	20 
15	1 
15	30 
15	22 
15	18 
15	1 
15	22 
15	12 
15	1 
15	29 
15	28 
15	25 
15	22 
15	31 
15	1 
15	1 
15	19 
15	31 
15	17 
15	22 
15	28 
15	23 
15	1 
15	1 
15	22 
15	1 
15	30 
15	29 
15	22 
15	22 
15	1 
15	1 
15	1 
15	23 
15	15 
15	24 
15	1 
15	25 
15	34 
15	21 
15	30 
15	1 
15	21 
15	1 
15	1 
15	22 
15	38 
15	1 
15	25 
15	17 
15	1 
15	1 
15	26 
15	20 
15	33 
15	1 
15	21 
15	17 
15	23 
15	1 
15	32 
15	33 
15	1 
15	30 
15	20 
15	1 
15	18 
15	1 
15	31 
15	1 
15	1 
15	19 
15	18 
15	23 
15	25 
15	22 
15	1 
15	1 
15	31 
15	1 
15	24 
15	35 
15	23 
15	14 
15	32 
15	1 
15	26 
15	23 
15	15 
15	28 
15	20 
15	23 
15	1 
15	1 
15	19 
15	1 
15	20 
15	32 
15	21 
15	20 
15	27 
15	16 
15	26 
15	35 
15	29 
15	22 
15	27 
15	21 
15	28 
15	26 
15	24 
15	1 
15	29 
15	14 
15	20 
15	1 
15	1 
15	16 
15	20 
15	18 
15	36 
15	17 
15	20 
15	16 
15	25 
15	39 
15	20 
15	1 
15	21 
15	35 
15	23 
15	17 
15	1 
15	27 
15	29 
15	15 
15	15 
15	14 
15	1 
15	1 
15	1 
15	1 
15	28 
15	35 
15	35 
15	24 
15	40 
15	14 
15	21 
15	1 
15	1 
15	34 
15	16 
15	19 
15	31 
15	26 
15	1 
15	1 
15	28 
15	1 
15	18 
15	24 
15	41 
15	21 
15	20 
15	17 
15	17 
15	23 
15	21 
15	27 
15	1 
15	24 
15	1 
15	23 
15	22 
15	28 
15	1 
15	28 
15	28 
15	18 
15	18 
15	16 
15	13 
15	22 
15	43 
15	30 
15	37 
15	20 
15	23 
15	29 
15	18 
15	25 
15	24 
15	34 
15	1 
15	28 
15	31 
15	1 
15	32 
15	33 
15	17 
15	24 
15	34 
15	20 
15	14 
15	19 
15	22 
15	1 
15	24 
15	15 
15	1 
15	27 
15	40 
15	25 
15	28 
15	28 
15	29 
15	23 
15	30 
15	24 
15	28 
15	22 
15	31 
15	31 
15	22 
15	22 
15	20 
15	36 
15	1 
15	27 
15	23 
15	19 
15	22 
15	1 
15	31 
15	34 
15	1 
15	1 
15	19 
15	21 
15	29 
15	17 
15	23 
15	23 
15	14 
15	26 
15	19 
15	24 
16	1 
16	1 
16	1 
16	20 
16	16 
16	26 
16	34 
16	24 
16	1 
16	25 
16	31 
16	31 
16	1 
16	1 
16	1 
16	1 
16	30 
16	29 
16	15 
16	23 
16	20 
16	28 
16	20 
16	27 
16	1 
16	27 
16	28 
16	24 
16	18 
16	17 
16	24 
16	25 
16	29 
16	27 
16	39 
16	1 
16	12 
16	21 
16	25 
16	36 
16	1 
16	24 
16	20 
16	34 
16	33 
16	24 
16	18 
16	21 
16	31 
16	29 
16	28 
16	1 
16	29 
16	1 
16	19 
16	27 
16	34 
16	22 
16	32 
16	23 
16	21 
16	27 
16	24 
16	26 
16	14 
16	1 
16	22 
16	1 
16	27 
16	16 
16	1 
16	1 
16	24 
16	26 
16	1 
16	1 
16	26 
16	1 
16	1 
16	19 
16	19 
16	24 
16	25 
16	25 
16	17 
16	19 
16	26 
16	42 
16	1 
16	28 
16	1 
16	25 
16	28 
16	20 
16	26 
16	31 
16	21 
16	37 
16	1 
16	19 
16	17 
16	31 
16	21 
16	1 
16	23 
16	35 
16	19 
16	14 
16	1 
16	24 
16	20 
16	22 
16	22 
16	14 
16	24 
16	26 
16	28 
16	20 
16	21 
16	33 
16	34 
16	24 
16	28 
16	1 
16	1 
16	25 
16	30 
16	31 
16	24 
16	31 
16	20 
16	32 
16	23 
16	28 
16	37 
16	1 
16	36 
16	1 
16	17 
16	22 
16	27 
16	15 
16	1 
16	1 
16	28 
16	15 
16	17 
16	19 
16	21 
16	19 
16	27 
16	22 
16	30 
16	1 
16	18 
16	30 
16	25 
16	25 
16	20 
16	25 
16	27 
16	16 
16	21 
16	26 
16	37 
16	1 
16	17 
16	1 
16	20 
16	26 
16	21 
16	22 
16	11 
16	28 
16	17 
16	1 
16	21 
16	1 
16	22 
16	29 
16	18 
16	1 
16	21 
16	21 
16	25 
16	27 
16	1 
16	1 
16	16 
16	1 
16	13 
16	45 
16	33 
16	24 
16	28 
16	28 
16	12 
16	1 
16	26 
16	1 
16	23 
16	30 
16	27 
16	25 
16	22 
16	18 
16	21 
16	19 
16	18 
16	21 
16	1 
16	25 
16	20 
16	24 
16	18 
16	1 
16	1 
16	16 
16	38 
16	1 
16	21 
16	1 
16	22 
16	19 
16	21 
16	18 
16	29 
16	1 
16	31 
16	20 
16	16 
16	16 
16	21 
16	1 
16	18 
16	20 
16	1 
16	29 
16	29 
16	36 
16	1 
16	23 
16	26 
16	14 
16	32 
16	28 
16	27 
16	1 
16	22 
16	31 
16	15 
16	1 
16	20 
16	35 
16	22 
16	26 
16	17 
16	1 
16	23 
16	26 
16	28 
16	1 
16	32 
16	28 
16	26 
16	23 
16	1 
16	28 
16	29 
16	26 
16	26 
16	1 
16	26 
16	17 
16	19 
16	29 
16	1 
16	20 
16	28 
16	1 
16	21 
16	18 
16	18 
16	1 
16	25 
16	25 
16	40 
16	18 
16	25 
16	16 
16	1 
16	22 
16	20 
16	1 
16	17 
16	23 
16	24 
16	20 
16	28 
16	31 
16	30 
16	23 
16	13 
16	25 
16	26 
16	19 
16	23 
16	1 
16	16 
16	1 
16	29 
16	26 
16	1 
16	21 
16	22 
16	28 
16	14 
16	22 
16	1 
16	28 
16	20 
16	33 
16	1 
16	20 
16	19 
16	1 
16	1 
16	1 
16	19 
16	29 
16	31 
16	13 
16	28 
16	25 
16	27 
16	26 
16	1 
16	31 
16	12 
16	21 
16	21 
16	16 
16	30 
16	1 
17	1 
17	32 
17	25 
17	23 
17	17 
17	22 
17	15 
17	32 
17	1 
17	1 
17	17 
17	25 
17	30 
17	21 
17	38 
17	27 
17	19 
17	34 
17	25 
17	39 
17	22 
17	1 
17	25 
17	1 
17	22 
17	1 
17	33 
17	19 
17	18 
17	23 
17	1 
17	34 
17	24 
17	27 
17	14 
17	28 
17	20 
17	15 
17	29 
17	23 
17	17 
17	24 
17	1 
17	1 
17	18 
17	24 
17	16 
17	26 
17	25 
17	30 
17	1 
17	20 
17	17 
17	31 
17	21 
17	16 
17	23 
17	31 
17	1 
17	35 
17	25 
17	36 
17	13 
17	43 
17	31 
17	22 
17	1 
17	24 
17	16 
17	27 
17	1 
17	25 
17	1 
17	17 
17	28 
17	29 
17	1 
17	15 
17	18 
17	1 
17	38 
17	1 
17	23 
17	28 
17	20 
17	16 
17	30 
17	19 
17	14 
17	21 
17	30 
17	23 
17	30 
17	30 
17	19 
17	22 
17	1 
17	18 
17	1 
17	22 
17	1 
17	24 
17	26 
17	23 
17	21 
17	25 
17	31 
17	17 
17	31 
17	14 
17	38 
17	1 
17	30 
17	21 
17	31 
17	1 
17	1 
17	23 
17	12 
17	24 
17	1 
17	28 
17	1 
17	29 
17	1 
17	30 
17	19 
17	19 
17	16 
17	18 
17	1 
17	1 
17	31 
17	24 
17	23 
17	1 
17	19 
17	25 
17	28 
17	26 
17	35 
17	20 
17	27 
17	21 
17	17 
17	28 
17	36 
17	35 
17	22 
17	30 
17	18 
17	32 
17	26 
17	1 
17	1 
17	1 
17	22 
17	16 
17	24 
17	23 
17	17 
17	11 
17	22 
17	23 
17	24 
17	18 
17	30 
17	33 
17	31 
17	14 
17	28 
17	23 
17	23 
17	19 
17	20 
17	23 
17	25 
17	1 
17	28 
17	26 
17	24 
17	19 
17	18 
17	1 
17	19 
17	23 
17	17 
17	21 
17	1 
17	28 
17	25 
17	27 
17	26 
17	20 
17	33 
17	21 
17	1 
17	26 
17	18 
17	1 
17	1 
17	24 
17	22 
17	18 
17	19 
17	24 
17	32 
17	21 
17	1 
17	25 
17	26 
17	38 
17	18 
17	32 
17	1 
17	16 
17	1 
17	37 
17	16 
17	21 
17	19 
17	25 
17	1 
17	1 
17	31 
17	23 
17	28 
17	22 
17	1 
17	29 
17	1 
17	36 
17	26 
17	1 
17	20 
17	39 
17	32 
17	27 
17	32 
17	1 
17	23 
17	1 
17	1 
17	22 
17	1 
17	21 
17	1 
17	28 
17	39 
17	20 
17	1 
17	1 
17	23 
17	16 
17	22 
17	20 
17	29 
17	1 
17	27 
17	26 
17	39 
17	23 
17	1 
17	20 
17	18 
17	1 
17	25 
17	30 
17	12 
17	22 
17	20 
17	19 
17	1 
17	19 
17	17 
17	18 
17	30 
17	19 
17	18 
17	1 
17	26 
17	18 
17	21 
17	1 
17	17 
17	1 
17	21 
17	35 
17	1 
17	23 
17	25 
17	16 
17	20 
17	15 
17	1 
17	35 
17	28 
17	41 
17	30 
17	1 
17	1 
17	20 
17	36 
17	1 
17	22 
17	25 
17	21 
17	1 
17	1 
17	17 
17	1 
17	16 
17	1 
17	19 
17	23 
17	16 
17	27 
17	1 
17	30 
17	1 
17	26 
17	27 
17	28 
17	21 
17	26 
17	18 
17	24 
17	22 
17	20 
17	17 
17	21 
17	37 
17	1 
17	31 
17	21 
17	22 
17	14 
17	1 
17	18 
17	17 
17	32 
17	27 
17	20 
17	25 
17	28 
17	21 
17	13 
17	25 
17	22 
17	17 
17	23 
17	21 
17	11 
17	1 
17	1 
17	19 
17	1 
18	18 
18	24 
18	33 
18	30 
18	1 
18	20 
18	24 
18	30 
18	1 
18	1 
18	32 
18	27 
18	24 
18	26 
18	18 
18	23 
18	22 
18	27 
18	21 
18	22 
18	35 
18	22 
18	24 
18	23 
18	25 
18	24 
18	36 
18	30 
18	1 
18	17 
18	17 
18	41 
18	22 
18	1 
18	25 
18	27 
18	22 
18	18 
18	1 
18	14 
18	1 
18	1 
18	1 
18	12 
18	20 
18	24 
18	1 
18	19 
18	19 
18	27 
18	1 
18	15 
18	16 
18	1 
18	26 
18	32 
18	38 
18	25 
18	19 
18	30 
18	36 
18	21 
18	18 
18	20 
18	18 
18	23 
18	24 
18	18 
18	1 
18	25 
18	33 
18	30 
18	23 
18	34 
18	32 
18	25 
18	17 
18	29 
18	25 
18	1 
18	28 
18	29 
18	25 
18	1 
18	1 
18	1 
18	27 
18	18 
18	30 
18	36 
18	1 
18	17 
18	31 
18	16 
18	22 
18	1 
18	27 
18	22 
18	20 
18	26 
18	1 
18	16 
18	27 
18	31 
18	23 
18	1 
18	28 
18	25 
18	31 
18	22 
18	1 
18	36 
18	20 
18	20 
18	25 
18	24 
18	37 
18	1 
18	25 
18	18 
18	29 
18	19 
18	18 
18	20 
18	30 
18	33 
18	1 
18	41 
18	29 
18	29 
18	14 
18	30 
18	27 
18	34 
18	31 
18	21 
18	1 
18	15 
18	19 
18	1 
18	26 
18	23 
18	22 
18	23 
18	41 
18	1 
18	32 
18	22 
18	22 
18	29 
18	28 
18	22 
18	25 
18	17 
18	21 
18	17 
18	18 
18	42 
18	24 
18	1 
18	1 
18	30 
18	21 
18	22 
18	1 
18	52 
18	17 
18	26 
18	24 
18	32 
18	17 
18	27 
18	1 
18	26 
18	25 
18	17 
18	27 
18	23 
18	1 
18	27 
18	21 
18	24 
18	19 
18	12 
18	22 
18	25 
18	29 
18	19 
18	31 
18	16 
18	20 
18	31 
18	24 
18	38 
18	16 
18	31 
18	25 
18	17 
18	23 
18	24 
18	26 
18	22 
18	22 
18	22 
18	1 
18	15 
18	20 
18	17 
18	18 
18	28 
18	18 
18	11 
18	28 
18	32 
18	15 
18	22 
18	1 
18	26 
18	21 
18	29 
18	22 
18	19 
18	28 
18	15 
18	33 
18	1 
18	1 
18	18 
18	21 
18	23 
18	31 
18	20 
18	13 
18	33 
18	32 
18	21 
18	14 
18	20 
18	23 
18	21 
18	20 
18	29 
18	21 
18	26 
18	45 
18	23 
18	24 
18	18 
18	21 
18	1 
18	30 
18	32 
18	24 
18	20 
18	1 
18	26 
18	20 
18	17 
18	27 
18	23 
18	28 
18	1 
18	1 
18	35 
18	22 
18	20 
18	23 
18	31 
18	34 
18	22 
18	28 
18	1 
18	20 
18	11 
18	26 
18	28 
18	29 
18	34 
18	23 
18	39 
18	40 
18	26 
18	1 
18	31 
18	1 
18	18 
18	20 
18	27 
18	1 
18	13 
18	38 
18	32 
18	33 
18	21 
18	1 
18	1 
18	1 
18	20 
18	18 
18	21 
18	23 
18	1 
18	1 
18	26 
18	22 
18	29 
18	22 
18	1 
18	1 
18	29 
18	32 
18	21 
18	24 
18	1 
18	12 
18	1 
18	19 
18	21 
18	33 
18	24 
18	22 
18	14 
18	30 
18	1 
18	23 
18	27 
18	29 
18	33 
18	1 
18	22 
18	29 
18	1 
18	19 
18	1 
18	27 
18	30 
18	26 
18	18 
18	20 
18	23 
18	20 
18	1 
18	23 
18	1 
18	20 
18	21 
18	14 
18	1 
18	15 
18	19 
18	26 
18	23 
18	15 
18	25 
18	27 
18	19 
18	18 
18	29 
19	43 
19	30 
19	1 
19	1 
19	1 
19	1 
19	33 
19	23 
19	1 
19	1 
19	14 
19	1 
19	20 
19	33 
19	12 
19	30 
19	21 
19	25 
19	20 
19	25 
19	1 
19	1 
19	1 
19	21 
19	26 
19	25 
19	19 
19	18 
19	24 
19	27 
19	28 
19	28 
19	23 
19	1 
19	22 
19	1 
19	1 
19	32 
19	33 
19	22 
19	22 
19	34 
19	1 
19	1 
19	18 
19	19 
19	20 
19	19 
19	20 
19	24 
19	29 
19	20 
19	24 
19	17 
19	26 
19	26 
19	1 
19	41 
19	21 
19	30 
19	22 
19	26 
19	1 
19	26 
19	28 
19	23 
19	1 
19	26 
19	17 
19	28 
19	1 
19	22 
19	30 
19	20 
19	22 
19	14 
19	19 
19	21 
19	20 
19	1 
19	14 
19	29 
19	34 
19	24 
19	23 
19	24 
19	32 
19	31 
19	23 
19	36 
19	18 
19	15 
19	32 
19	19 
19	16 
19	28 
19	31 
19	20 
19	1 
19	29 
19	1 
19	30 
19	1 
19	25 
19	18 
19	27 
19	25 
19	35 
19	13 
19	24 
19	26 
19	1 
19	13 
19	38 
19	1 
19	40 
19	36 
19	1 
19	29 
19	18 
19	18 
19	1 
19	23 
19	22 
19	1 
19	26 
19	1 
19	39 
19	17 
19	22 
19	16 
19	29 
19	1 
19	1 
19	21 
19	1 
19	1 
19	28 
19	18 
19	40 
19	23 
19	17 
19	1 
19	29 
19	1 
19	23 
19	14 
19	22 
19	1 
19	1 
19	17 
19	23 
19	15 
19	1 
19	15 
19	1 
19	1 
19	25 
19	23 
19	23 
19	1 
19	39 
19	25 
19	21 
19	1 
19	15 
19	23 
19	16 
19	26 
19	27 
19	22 
19	24 
19	17 
19	18 
19	27 
19	1 
19	23 
19	35 
19	1 
19	26 
19	48 
19	16 
19	1 
19	29 
19	1 
19	31 
19	24 
19	24 
19	15 
19	24 
19	1 
19	20 
19	21 
19	22 
19	1 
19	23 
19	21 
19	15 
19	27 
19	16 
19	1 
19	1 
19	1 
19	17 
19	13 
19	29 
19	15 
19	14 
19	23 
19	20 
19	14 
19	24 
19	23 
19	31 
19	1 
19	13 
19	31 
19	15 
19	22 
19	26 
19	34 
19	32 
19	1 
19	19 
19	23 
19	37 
19	20 
19	1 
19	1 
19	22 
19	1 
19	1 
19	27 
19	20 
19	15 
19	20 
19	1 
19	52 
19	27 
19	21 
19	23 
19	26 
19	17 
19	19 
19	37 
19	20 
19	28 
19	1 
19	1 
19	1 
19	30 
19	13 
19	27 
19	23 
19	21 
19	22 
19	1 
19	23 
19	29 
19	17 
19	23 
19	16 
19	23 
19	1 
19	37 
19	24 
19	23 
19	19 
19	1 
19	24 
19	44 
19	19 
19	1 
19	17 
19	41 
19	31 
19	19 
19	25 
19	22 
19	20 
19	1 
19	16 
19	1 
19	21 
19	23 
19	17 
19	21 
19	28 
19	29 
19	1 
19	22 
19	30 
19	1 
19	1 
19	1 
19	34 
19	1 
19	35 
19	15 
19	18 
19	29 
19	27 
19	21 
19	23 
19	16 
19	1 
19	20 
19	22 
19	28 
19	19 
19	21 
19	28 
19	20 
19	13 
19	18 
19	23 
19	30 
19	17 
19	21 
19	23 
19	18 
19	1 
19	29 
19	1 
19	19 
19	21 
19	20 
19	25 
19	22 
19	24 
19	22 
19	23 
19	23 
19	30 
19	42 
19	1 
19	26 
19	30 
19	25 
19	25 
19	1 
19	13 
19	35 
19	19 
19	21 
19	29 
19	17 
19	17 
19	1 
19	22 
19	1 
19	1 
19	22 
19	23 
19	26 
19	1 
19	30 
19	1 
19	23 
19	19 
19	20 
19	30 
19	1 
19	1 
20	17 
20	1 
20	19 
20	15 
20	26 
20	15 
20	30 
20	1 
20	30 
20	22 
20	31 
20	28 
20	22 
20	24 
20	25 
20	24 
20	22 
20	33 
20	16 
20	29 
20	26 
20	19 
20	1 
20	1 
20	15 
20	18 
20	23 
20	25 
20	32 
20	1 
20	39 
20	1 
20	21 
20	24 
20	28 
20	25 
20	1 
20	1 
20	29 
20	1 
20	26 
20	20 
20	33 
20	1 
20	22 
20	22 
20	19 
20	1 
20	24 
20	19 
20	21 
20	1 
20	33 
20	35 
20	13 
20	13 
20	26 
20	27 
20	16 
20	1 
20	1 
20	1 
20	17 
20	27 
20	16 
20	27 
20	1 
20	29 
20	21 
20	19 
20	30 
20	33 
20	25 
20	19 
20	23 
20	21 
20	14 
20	1 
20	18 
20	24 
20	23 
20	18 
20	21 
20	10 
20	24 
20	28 
20	1 
20	26 
20	24 
20	29 
20	1 
20	23 
20	13 
20	24 
20	28 
20	28 
20	1 
20	17 
20	35 
20	17 
20	18 
20	1 
20	26 
20	33 
20	27 
20	32 
20	31 
20	19 
20	1 
20	21 
20	32 
20	46 
20	17 
20	24 
20	22 
20	32 
20	22 
20	1 
20	21 
20	32 
20	18 
20	26 
20	24 
20	1 
20	16 
20	17 
20	22 
20	1 
20	22 
20	1 
20	23 
20	30 
20	38 
20	21 
20	32 
20	26 
20	20 
20	25 
20	29 
20	33 
20	17 
20	30 
20	1 
20	18 
20	26 
20	25 
20	21 
20	1 
20	29 
20	36 
20	25 
20	21 
20	38 
20	22 
20	22 
20	28 
20	1 
20	33 
20	24 
20	22 
20	35 
20	18 
20	24 
20	1 
20	24 
20	22 
20	27 
20	27 
20	1 
20	22 
20	24 
20	31 
20	1 
20	32 
20	18 
20	1 
20	27 
20	28 
20	24 
20	31 
20	1 
20	28 
20	1 
20	18 
20	19 
20	22 
20	22 
20	16 
20	1 
20	23 
20	1 
20	28 
20	15 
20	9 
20	23 
20	1 
20	20 
20	1 
20	32 
20	1 
20	1 
20	26 
20	13 
20	23 
20	1 
20	20 
20	26 
20	19 
20	1 
20	22 
20	1 
20	22 
20	27 
20	29 
20	23 
20	18 
20	24 
20	18 
20	18 
20	26 
20	32 
20	1 
20	29 
20	20 
20	16 
20	1 
20	26 
20	27 
20	1 
20	17 
20	19 
20	25 
20	22 
20	30 
20	24 
20	1 
20	27 
20	1 
20	25 
20	1 
20	24 
20	21 
20	1 
20	28 
20	23 
20	25 
20	1 
20	19 
20	21 
20	1 
20	1 
20	34 
20	1 
20	27 
20	36 
20	26 
20	19 
20	32 
20	19 
20	18 
20	24 
20	1 
20	38 
20	1 
20	18 
20	21 
20	18 
20	36 
20	23 
20	33 
20	21 
20	28 
20	19 
20	28 
20	25 
20	37 
20	1 
20	1 
20	13 
20	29 
20	15 
20	26 
20	30 
20	26 
20	22 
20	34 
20	21 
20	15 
20	1 
20	34 
20	26 
20	20 
20	32 
20	1 
20	1 
20	27 
20	23 
20	25 
20	29 
20	21 
20	23 
20	1 
20	20 
20	26 
20	22 
20	25 
20	1 
20	1 
20	26 
20	30 
20	24 
20	1 
20	23 
20	24 
20	21 
20	23 
20	20 
20	28 
20	17 
20	30 
20	25 
20	19 
20	25 
20	25 
20	22 
20	19 
20	22 
20	37 
20	28 
20	22 
20	20 
20	27 
20	1 
20	18 
20	1 
20	31 
20	1 
20	29 
20	1 
20	17 
20	1 
20	31 
20	20 
20	19 
20	30 
20	24 
20	31 
20	37 
20	19 
20	1 
20	14 
20	24 
20	25 
20	1 
20	1 
20	37 
20	17 
20	27 
20	29 
20	20 
20	26 
20	1 
20	1 
20	27 
20	29 
